21 21
0.00117	0.00129	0.0014	0.00151	0.00162	0.00171	0.00179	0.00185	0.0019	0.00192	0.00193	0.00192	0.0019	0.00185	0.00179	0.00171	0.00162	0.00151	0.0014	0.00129	0.00117	
0.00129	0.00142	0.00154	0.00166	0.00178	0.00188	0.00196	0.00203	0.00208	0.00212	0.00213	0.00212	0.00208	0.00203	0.00196	0.00188	0.00178	0.00166	0.00154	0.00142	0.00129	
0.0014	0.00154	0.00168	0.00181	0.00193	0.00204	0.00214	0.00221	0.00227	0.0023	0.00232	0.0023	0.00227	0.00221	0.00214	0.00204	0.00193	0.00181	0.00168	0.00154	0.0014	
0.00151	0.00166	0.00181	0.00195	0.00208	0.0022	0.0023	0.00239	0.00245	0.00248	0.0025	0.00248	0.00245	0.00239	0.0023	0.0022	0.00208	0.00195	0.00181	0.00166	0.00151	
0.00162	0.00178	0.00193	0.00208	0.00222	0.00235	0.00246	0.00255	0.00261	0.00265	0.00266	0.00265	0.00261	0.00255	0.00246	0.00235	0.00222	0.00208	0.00193	0.00178	0.00162	
0.00171	0.00188	0.00204	0.0022	0.00235	0.00248	0.0026	0.00269	0.00276	0.0028	0.00281	0.0028	0.00276	0.00269	0.0026	0.00248	0.00235	0.0022	0.00204	0.00188	0.00171	
0.00179	0.00196	0.00214	0.0023	0.00246	0.0026	0.00272	0.00281	0.00289	0.00293	0.00294	0.00293	0.00289	0.00281	0.00272	0.0026	0.00246	0.0023	0.00214	0.00196	0.00179	
0.00185	0.00203	0.00221	0.00239	0.00255	0.00269	0.00281	0.00291	0.00299	0.00303	0.00305	0.00303	0.00299	0.00291	0.00281	0.00269	0.00255	0.00239	0.00221	0.00203	0.00185	
0.0019	0.00208	0.00227	0.00245	0.00261	0.00276	0.00289	0.00299	0.00306	0.00311	0.00313	0.00311	0.00306	0.00299	0.00289	0.00276	0.00261	0.00245	0.00227	0.00208	0.0019	
0.00192	0.00212	0.0023	0.00248	0.00265	0.0028	0.00293	0.00303	0.00311	0.00316	0.00317	0.00316	0.00311	0.00303	0.00293	0.0028	0.00265	0.00248	0.0023	0.00212	0.00192	
0.00193	0.00213	0.00232	0.0025	0.00266	0.00281	0.00294	0.00305	0.00313	0.00317	0.00319	0.00317	0.00313	0.00305	0.00294	0.00281	0.00266	0.0025	0.00232	0.00213	0.00193	
0.00192	0.00212	0.0023	0.00248	0.00265	0.0028	0.00293	0.00303	0.00311	0.00316	0.00317	0.00316	0.00311	0.00303	0.00293	0.0028	0.00265	0.00248	0.0023	0.00212	0.00192	
0.0019	0.00208	0.00227	0.00245	0.00261	0.00276	0.00289	0.00299	0.00306	0.00311	0.00313	0.00311	0.00306	0.00299	0.00289	0.00276	0.00261	0.00245	0.00227	0.00208	0.0019	
0.00185	0.00203	0.00221	0.00239	0.00255	0.00269	0.00281	0.00291	0.00299	0.00303	0.00305	0.00303	0.00299	0.00291	0.00281	0.00269	0.00255	0.00239	0.00221	0.00203	0.00185	
0.00179	0.00196	0.00214	0.0023	0.00246	0.0026	0.00272	0.00281	0.00289	0.00293	0.00294	0.00293	0.00289	0.00281	0.00272	0.0026	0.00246	0.0023	0.00214	0.00196	0.00179	
0.00171	0.00188	0.00204	0.0022	0.00235	0.00248	0.0026	0.00269	0.00276	0.0028	0.00281	0.0028	0.00276	0.00269	0.0026	0.00248	0.00235	0.0022	0.00204	0.00188	0.00171	
0.00162	0.00178	0.00193	0.00208	0.00222	0.00235	0.00246	0.00255	0.00261	0.00265	0.00266	0.00265	0.00261	0.00255	0.00246	0.00235	0.00222	0.00208	0.00193	0.00178	0.00162	
0.00151	0.00166	0.00181	0.00195	0.00208	0.0022	0.0023	0.00239	0.00245	0.00248	0.0025	0.00248	0.00245	0.00239	0.0023	0.0022	0.00208	0.00195	0.00181	0.00166	0.00151	
0.0014	0.00154	0.00168	0.00181	0.00193	0.00204	0.00214	0.00221	0.00227	0.0023	0.00232	0.0023	0.00227	0.00221	0.00214	0.00204	0.00193	0.00181	0.00168	0.00154	0.0014	
0.00129	0.00142	0.00154	0.00166	0.00178	0.00188	0.00196	0.00203	0.00208	0.00212	0.00213	0.00212	0.00208	0.00203	0.00196	0.00188	0.00178	0.00166	0.00154	0.00142	0.00129	
0.00117	0.00129	0.0014	0.00151	0.00162	0.00171	0.00179	0.00185	0.0019	0.00192	0.00193	0.00192	0.0019	0.00185	0.00179	0.00171	0.00162	0.00151	0.0014	0.00129	0.00117	
